2.520000000000000000e+02 4.150000000000000000e+02
2.830000000000000000e+02 2.060000000000000000e+02
4.680000000000000000e+02 6.760000000000000000e+02
4.480000000000000000e+02 5.870000000000000000e+02
1.750000000000000000e+02 7.170000000000000000e+02
8.140000000000000000e+02 6.390000000000000000e+02
7.420000000000000000e+02 6.970000000000000000e+02
2.220000000000000000e+02 1.140000000000000000e+03
4.510000000000000000e+02 1.356000000000000000e+03
9.080000000000000000e+02 5.100000000000000000e+02
5.750000000000000000e+02 4.290000000000000000e+02
5.170000000000000000e+02 2.190000000000000000e+02
5.010000000000000000e+02 2.640000000000000000e+02
5.100000000000000000e+02 2.970000000000000000e+02
4.400000000000000000e+02 4.600000000000000000e+02
2.910000000000000000e+02 5.270000000000000000e+02
5.100000000000000000e+02 1.181000000000000000e+03
8.060000000000000000e+02 1.384000000000000000e+03
6.620000000000000000e+02 1.467000000000000000e+03
8.390000000000000000e+02 1.076000000000000000e+03
3.500000000000000000e+02 4.080000000000000000e+02
9.260000000000000000e+02 3.390000000000000000e+02
9.380000000000000000e+02 6.950000000000000000e+02
8.910000000000000000e+02 9.680000000000000000e+02
8.270000000000000000e+02 1.279000000000000000e+03
5.090000000000000000e+02 6.510000000000000000e+02
4.150000000000000000e+02 5.270000000000000000e+02
9.300000000000000000e+02 6.400000000000000000e+02
9.740000000000000000e+02 5.090000000000000000e+02
6.890000000000000000e+02 5.810000000000000000e+02
7.550000000000000000e+02 4.790000000000000000e+02
6.700000000000000000e+02 9.490000000000000000e+02
6.310000000000000000e+02 9.740000000000000000e+02
3.180000000000000000e+02 2.330000000000000000e+02
8.610000000000000000e+02 4.010000000000000000e+02
7.810000000000000000e+02 2.780000000000000000e+02
7.340000000000000000e+02 4.440000000000000000e+02
5.460000000000000000e+02 5.810000000000000000e+02
8.530000000000000000e+02 9.100000000000000000e+02
6.420000000000000000e+02 4.730000000000000000e+02
