4.510000000000000000e+02 2.090000000000000000e+02
2.280000000000000000e+02 2.190000000000000000e+02
6.340000000000000000e+02 4.380000000000000000e+02
5.870000000000000000e+02 4.120000000000000000e+02
7.310000000000000000e+02 1.470000000000000000e+02
6.000000000000000000e+02 7.850000000000000000e+02
6.840000000000000000e+02 7.280000000000000000e+02
1.027000000000000000e+03 2.020000000000000000e+02
1.232000000000000000e+03 5.130000000000000000e+02
3.790000000000000000e+02 8.240000000000000000e+02
3.160000000000000000e+02 4.920000000000000000e+02
1.950000000000000000e+02 4.180000000000000000e+02
2.410000000000000000e+02 4.100000000000000000e+02
2.530000000000000000e+02 4.210000000000000000e+02
4.160000000000000000e+02 3.820000000000000000e+02
5.420000000000000000e+02 2.550000000000000000e+02
1.063000000000000000e+03 5.590000000000000000e+02
1.175000000000000000e+03 9.850000000000000000e+02
1.356000000000000000e+03 8.320000000000000000e+02
8.250000000000000000e+02 9.070000000000000000e+02
4.300000000000000000e+02 2.990000000000000000e+02
2.940000000000000000e+02 8.000000000000000000e+02
5.490000000000000000e+02 9.050000000000000000e+02
6.920000000000000000e+02 9.270000000000000000e+02
1.081000000000000000e+03 9.770000000000000000e+02
5.670000000000000000e+02 4.700000000000000000e+02
5.060000000000000000e+02 3.710000000000000000e+02
4.650000000000000000e+02 8.710000000000000000e+02
3.740000000000000000e+02 8.820000000000000000e+02
4.320000000000000000e+02 6.260000000000000000e+02
4.570000000000000000e+02 6.840000000000000000e+02
8.280000000000000000e+02 6.980000000000000000e+02
8.750000000000000000e+02 6.620000000000000000e+02
2.500000000000000000e+02 2.520000000000000000e+02
3.630000000000000000e+02 7.590000000000000000e+02
3.080000000000000000e+02 6.650000000000000000e+02
5.040000000000000000e+02 6.780000000000000000e+02
4.620000000000000000e+02 4.920000000000000000e+02
7.880000000000000000e+02 8.770000000000000000e+02
5.180000000000000000e+02 5.860000000000000000e+02
