2.830000000000000000e+02 2.060000000000000000e+02
2.520000000000000000e+02 4.100000000000000000e+02
1.750000000000000000e+02 7.150000000000000000e+02
2.220000000000000000e+02 1.140000000000000000e+03
7.780000000000000000e+02 2.770000000000000000e+02
7.380000000000000000e+02 3.520000000000000000e+02
4.460000000000000000e+02 1.358000000000000000e+03
8.910000000000000000e+02 9.690000000000000000e+02
2.890000000000000000e+02 5.340000000000000000e+02
5.170000000000000000e+02 2.200000000000000000e+02
5.020000000000000000e+02 2.630000000000000000e+02
5.090000000000000000e+02 2.990000000000000000e+02
4.660000000000000000e+02 6.780000000000000000e+02
7.640000000000000000e+02 1.048000000000000000e+03
7.780000000000000000e+02 1.110000000000000000e+03
8.080000000000000000e+02 1.383000000000000000e+03
6.620000000000000000e+02 1.469000000000000000e+03
9.100000000000000000e+02 5.100000000000000000e+02
5.750000000000000000e+02 4.290000000000000000e+02
4.210000000000000000e+02 1.200000000000000000e+03
1.700000000000000000e+02 6.560000000000000000e+02
8.140000000000000000e+02 6.390000000000000000e+02
4.400000000000000000e+02 4.590000000000000000e+02
4.350000000000000000e+02 4.270000000000000000e+02
4.150000000000000000e+02 5.290000000000000000e+02
4.480000000000000000e+02 5.850000000000000000e+02
5.100000000000000000e+02 6.500000000000000000e+02
8.530000000000000000e+02 2.440000000000000000e+02
7.330000000000000000e+02 4.440000000000000000e+02
3.500000000000000000e+02 4.100000000000000000e+02
3.080000000000000000e+02 3.070000000000000000e+02
8.380000000000000000e+02 3.540000000000000000e+02
5.450000000000000000e+02 1.333000000000000000e+03
5.090000000000000000e+02 1.181000000000000000e+03
7.360000000000000000e+02 5.740000000000000000e+02
9.760000000000000000e+02 5.100000000000000000e+02
9.440000000000000000e+02 3.470000000000000000e+02
8.430000000000000000e+02 1.073000000000000000e+03
8.600000000000000000e+02 9.080000000000000000e+02
5.310000000000000000e+02 5.460000000000000000e+02
