1.970000000000000000e+02 2.770000000000000000e+02
4.180000000000000000e+02 2.660000000000000000e+02
7.050000000000000000e+02 2.030000000000000000e+02
1.044000000000000000e+03 2.560000000000000000e+02
2.630000000000000000e+02 7.390000000000000000e+02
3.430000000000000000e+02 7.140000000000000000e+02
1.272000000000000000e+03 5.200000000000000000e+02
7.660000000000000000e+02 9.570000000000000000e+02
5.270000000000000000e+02 3.030000000000000000e+02
1.700000000000000000e+02 4.820000000000000000e+02
2.190000000000000000e+02 4.740000000000000000e+02
2.380000000000000000e+02 4.820000000000000000e+02
6.250000000000000000e+02 4.880000000000000000e+02
9.460000000000000000e+02 8.490000000000000000e+02
9.870000000000000000e+02 8.720000000000000000e+02
1.243000000000000000e+03 9.550000000000000000e+02
1.383000000000000000e+03 8.030000000000000000e+02
3.850000000000000000e+02 8.910000000000000000e+02
3.190000000000000000e+02 5.540000000000000000e+02
1.106000000000000000e+03 4.820000000000000000e+02
6.610000000000000000e+02 2.000000000000000000e+02
5.870000000000000000e+02 8.330000000000000000e+02
4.040000000000000000e+02 4.380000000000000000e+02
3.850000000000000000e+02 4.320000000000000000e+02
4.910000000000000000e+02 4.240000000000000000e+02
5.620000000000000000e+02 4.630000000000000000e+02
5.710000000000000000e+02 5.210000000000000000e+02
2.280000000000000000e+02 8.050000000000000000e+02
4.570000000000000000e+02 7.310000000000000000e+02
4.010000000000000000e+02 3.550000000000000000e+02
2.990000000000000000e+02 3.070000000000000000e+02
2.920000000000000000e+02 7.970000000000000000e+02
1.239000000000000000e+03 6.360000000000000000e+02
1.088000000000000000e+03 5.810000000000000000e+02
5.420000000000000000e+02 7.470000000000000000e+02
3.820000000000000000e+02 9.580000000000000000e+02
2.670000000000000000e+02 8.970000000000000000e+02
8.940000000000000000e+02 9.290000000000000000e+02
7.920000000000000000e+02 9.260000000000000000e+02
4.520000000000000000e+02 5.280000000000000000e+02
